[Matrix]
Intra0=8 9 12 22 26 27 29 34 
Intra1=9 10 14 26 27 29 34 37
Intra2=12 14 18 27 29 34 37 38 
Intra3=22 26 27 31 36 37 38 40
Intra4=26 27 29 36 39 38 40 48 
Intra5=27 29 34 37 38 40 48 58 
Intra6=29 34 37 38 40 48 58 69 
Intra7=34 37 38 40 48 58 69 79 
NonIntra0=16 18 20 22 24 26 28 30 
NonIntra1=18 20 22 24 26 28 30 32 
NonIntra2=20 22 24 26 28 30 32 34 
NonIntra3=22 24 26 30 32 32 34 36
NonIntra4=24 26 28 32 34 34 36 38
NonIntra5=26 28 30 32 34 36 38 40
NonIntra6=28 30 32 34 36 38 42 42
NonIntra7=30 32 34 36 38 40 42 44

