[Matrix]
Intra0=8 16 19 22 26 27 29 99 
Intra1=16 16 22 24 27 29 34 99 
Intra2=19 22 26 27 29 34 34 99 
Intra3=22 22 26 27 29 34 37 99 
Intra4=22 26 27 29 32 35 40 99 
Intra5=26 27 29 32 35 40 99 99 
Intra6=26 27 29 34 38 99 99 99 
Intra7=27 29 35 38 99 99 99 99 
NonIntra0=16 17 18 19 20 21 22 99 
NonIntra1=17 18 19 20 21 22 23 99 
NonIntra2=18 19 20 21 22 23 24 99 
NonIntra3=19 20 21 22 23 24 26 99 
NonIntra4=20 21 22 23 25 26 99 99 
NonIntra5=21 22 23 24 26 99 99 99 
NonIntra6=22 23 24 26 99 99 99 99 
NonIntra7=23 24 25 99 99 99 99 99 

